function anteil = anteilVerstorbenerIntensivpatienten

    anteil = [ ...  % https://www.rki.de/DE/Content/InfAZ/N/Neuartiges_Coronavirus/Situationsberichte
        % November
        { '30.11.2020', Inf };
        { '29.11.2020', 23  };
        { '28.11.2020', 23  };
        { '27.11.2020', 23  };
        { '26.11.2020', 23  };
        { '25.11.2020', 23  };
        { '24.11.2020', 23  };
        { '23.11.2020', 23  };
        { '22.11.2020', 22  };
        { '21.11.2020', 22  };
        { '20.11.2020', 22  };
        { '19.11.2020', 22  };
        { '18.11.2020', 22  };
        { '17.11.2020', 22  };
        { '16.11.2020', 22  };
        { '15.11.2020', 22  };
        { '14.11.2020', 22  };
        { '13.11.2020', 22  };
        { '12.11.2020', 23  };
        { '11.11.2020', 23  };
        { '10.11.2020', 23  };
        { '09.11.2020', 23  };
        { '08.11.2020', 23  };
        { '07.11.2020', 23  };
        { '06.11.2020', 22  };
        { '05.11.2020', 23  };
        { '04.11.2020', 23  };
        { '03.11.2020', 23  };
        { '02.11.2020', 23  };
        { '01.11.2020', 23  };
        % Oktober
        { '31.10.2020', 23  };
        { '30.10.2020', 23  };
        { '29.10.2020', 23  };
        { '28.10.2020', 23  };
        { '27.10.2020', 23  };
        { '26.10.2020', 23  };
        { '25.10.2020', 23  };
        { '24.10.2020', 23  };
        { '23.10.2020', 23  };
        { '22.10.2020', 23  };
        { '21.10.2020', 23  };
        { '20.10.2020', 23  };
        { '19.10.2020', 23  };
        { '18.10.2020', 23  };
        { '17.10.2020', 23  };
        { '16.10.2020', 23  };
        { '15.10.2020', 23  };
        { '14.10.2020', 23  };
        { '13.10.2020', 24  };
        { '12.10.2020', 24  };
        { '11.10.2020', 24  };
        { '10.10.2020', 24  };
        { '09.10.2020', 24  };
        { '08.10.2020', 24  };
        { '07.10.2020', 24  };
        { '06.10.2020', 24  };
        { '05.10.2020', 24  };
        { '04.10.2020', Inf };
        { '03.10.2020', Inf };
        { '02.10.2020', 24  };
        { '01.10.2020', 24  };
        % September
        { '30.09.2020', 24  };
        { '29.09.2020', 24  };
        { '28.09.2020', 24  };
        { '27.09.2020', 24  };
        { '26.09.2020', 24  };
        { '25.09.2020', 24  };
        { '24.09.2020', 24  };
        { '23.09.2020', 24  };
        { '22.09.2020', 24  };
        { '21.09.2020', 24  };
        { '20.09.2020', Inf };
        { '19.09.2020', Inf };
        { '18.09.2020', 24  };
        { '17.09.2020', 24  };
        { '16.09.2020', 24  };
        { '15.09.2020', Inf };
        { '14.09.2020', 24  };
        { '13.09.2020', Inf };
        { '12.09.2020', Inf };
        { '11.09.2020', 24  };
        { '10.09.2020', 24  };
        { '09.09.2020', 24  };
        { '08.09.2020', 24  };
        { '07.09.2020', 24  };
        { '06.09.2020', Inf };
        { '05.09.2020', Inf };
        { '04.09.2020', 24  };
        { '03.09.2020', 24  };
        { '02.09.2020', 24  };
        { '01.09.2020', 24  };
        % August
        { '31.08.2020', 24  };
        { '30.08.2020', Inf };
        { '29.08.2020', Inf };
        { '28.08.2020', 24  };
        { '27.08.2020', 24  };
        { '26.08.2020', 24  };
        { '25.08.2020', 24  };
        { '24.08.2020', 24  };
        { '23.08.2020', Inf };
        { '22.08.2020', Inf };
        { '21.08.2020', 24  };
        { '20.08.2020', 24  };
        { '19.08.2020', 24  };
        { '18.08.2020', 24  };
        { '17.08.2020', 24  };
        { '16.08.2020', Inf };
        { '15.08.2020', Inf };
        { '14.08.2020', 24  };
        { '13.08.2020', 25  };
        { '12.08.2020', 25  };
        { '11.08.2020', 25  };
        { '10.08.2020', 25  };
        { '09.08.2020', Inf };
        { '08.08.2020', Inf };
        { '07.08.2020', Inf };
        { '06.08.2020', 25  };
        { '05.08.2020', 25  };
        { '04.08.2020', 25  };
        { '03.08.2020', 25  };
        { '02.08.2020', Inf };
        { '01.08.2020', Inf };
        % Juli
        { '31.07.2020', 25  };
        { '30.07.2020', 25  };
        { '29.07.2020', 25  };
        { '28.07.2020', 25  };
        { '27.07.2020', 25  };
        { '26.07.2020', Inf };
        { '25.07.2020', Inf };
        { '24.07.2020', 25  };
        { '23.07.2020', 25  };
        { '22.07.2020', 25  };
        { '21.07.2020', 25  };
        { '20.07.2020', 25  };
        { '19.07.2020', Inf };
        { '18.07.2020', Inf };
        { '17.07.2020', 25  };
        { '16.07.2020', 25  };
        { '15.07.2020', 25  };
        { '14.07.2020', 25  };
        { '13.07.2020', 25  };
        { '12.07.2020', Inf };
        { '11.07.2020', Inf };
        { '10.07.2020', 25  };
        { '09.07.2020', 25  };
        { '08.07.2020', 25  };
        { '07.07.2020', 25  };
        { '06.07.2020', 25  };
        { '05.07.2020', Inf };
        { '04.07.2020', Inf };
        { '03.07.2020', 25  };
        { '02.07.2020', 25  };
        { '01.07.2020', 25  };
        % Juni
        { '30.06.2020', 25  };
        { '29.06.2020', 25  };
        { '28.06.2020', Inf };
        { '27.06.2020', Inf };
        { '26.06.2020', 25  };
        { '25.06.2020', 25  };
        { '24.06.2020', 25  };
        { '23.06.2020', 25  };
        { '22.06.2020', 25  };
        { '21.06.2020', Inf };
        { '20.06.2020', Inf };
        { '19.06.2020', 25  };
        { '18.06.2020', 25  };
        { '17.06.2020', 25  };
        { '16.06.2020', 25  };
        { '15.06.2020', 25  };
        { '14.06.2020', Inf };
        { '13.06.2020', Inf };
        { '12.06.2020', 26  };
        { '11.06.2020', 26  };
        { '10.06.2020', 26  };
        { '09.06.2020', 26  };
        { '08.06.2020', 26  };
        { '07.06.2020', 26  };
        { '06.06.2020', 26  };
        { '05.06.2020', 26  };
        { '04.06.2020', 26  };
        { '03.06.2020', 26  };
        { '02.06.2020', 26  };
        { '01.06.2020', 26  };
        % Mai
        { '31.05.2020', 26  };
        { '30.05.2020', 26  };
        { '29.05.2020', 26  };
        { '28.05.2020', 26  };
        { '27.05.2020', 26  };
        { '26.05.2020', 27  };
        { '25.05.2020', 27  };
        { '24.05.2020', 27  };
        { '23.05.2020', 27  };
        { '22.05.2020', 27  };
        { '21.05.2020', 27  };
        { '20.05.2020', Inf };
        { '19.05.2020', 27  };
        { '18.05.2020', 28  };
        { '17.05.2020', 29  };
        { '16.05.2020', 29  };
        { '15.05.2020', 29  };
        { '14.05.2020', 27  };
        { '13.05.2020', 28  };
        { '12.05.2020', 28  };
        { '11.05.2020', 28  };
        { '10.05.2020', 27  };
        { '09.05.2020', 27  };
        { '08.05.2020', 28  };
        { '07.05.2020', 28  };
        { '06.05.2020', 28  };
        { '05.05.2020', 28  };
        { '04.05.2020', 29  };
        { '03.05.2020', 29  };
        { '02.05.2020', 29  };
        { '01.05.2020', 29  };
        % April
        { '30.04.2020', 29  };
        { '29.04.2020', 29  };
        { '28.04.2020', 29  };
        { '27.04.2020', 30  };
        { '26.04.2020', 30  };
        { '25.04.2020', 30  };
        { '24.04.2020', 30  };
        { '23.04.2020', 30  };
        { '22.04.2020', 30  };
        { '21.04.2020', 30  };
        { '20.04.2020', 30  };
        { '19.04.2020', 30  };
        { '18.04.2020', 30  };
        { '17.04.2020', 31  };
        { '16.04.2020', 30  };
        { '15.04.2020', 31  };
        { '14.04.2020', 29  };
        { '13.04.2020', 29  };
        { '12.04.2020', 29  };
        { '11.04.2020', 30  };
        { '10.04.2020', 30  };
        { '09.04.2020', 30  };
        { '08.04.2020', 31  };
        { '07.04.2020', Inf };
        { '06.04.2020', Inf };
        { '05.04.2020', Inf };
