function einwohner = einwohnerKreis( kreisId )
% Quelle: Statistisches Bundesamt
% https://www.destatis.de/DE/Themen/Laender-Regionen/Regionales/Gemeindeverzeichnis/Administrativ/04-kreise.html
% abgerufen am 14.03.2022
    kreisIdEinwohner = [ ...
        01001     89934
        01002     246601
        01003     215846
        01004     79905
        01051     133251
        01053     199152
        01054     167147
        01055     201487
        01056     317085
        01057     129353
        01058     274765
        01059     202647
        01060     278007
        01061     130706
        01062     244989
        02000     1852478
        03101     248561
        03102     103866
        03103     123840
        03151     177227
        03153     134688
        03154     91518
        03155     131772
        03157     135844
        03158     119361
        03159     323900
        03241     1155330
        03251     218072
        03252     148580
        03254     275464
        03255     70207
        03256     121645
        03257     158406
        03351     179386
        03352     198826
        03353     256016
        03354     48503
        03355     184235
        03356     114640
        03357     164486
        03358     140885
        03359     205357
        03360     92566
        03361     137574
        03401     77503
        03402     49874
        03403     169605
        03404     164223
        03405     75189
        03451     125643
        03452     190178
        03453     172632
        03454     328930
        03455     98971
        03456     137891
        03457     171483
        03458     131467
        03459     359471
        03460     143698
        03461     88524
        03462     57384
        04011     566573
        04012     113557
        05111     620523
        05112     495885
        05113     582415
        05114     226844
        05116     259665
        05117     170921
        05119     209566
        05120     111516
        05122     159193
        05124     355004
        05154     313586
        05158     484322
        05162     452001
        05166     298536
        05170     460113
        05314     330579
        05315     1083498
        05316     163905
        05334     556631
        05358     265140
        05362     469611
        05366     194359
        05370     256458
        05374     271699
        05378     283275
        05382     600375
        05512     117388
        05513     259105
        05515     316403
        05554     371898
        05558     220712
        05562     613599
        05566     448197
        05570     277417
        05711     333509
        05754     364818
        05758     250547
        05762     139729
        05766     346970
        05770     310270
        05774     308335
        05911     364454
        05913     587696
        05914     188687
        05915     178967
        05916     156940
        05954     323130
        05958     259030
        05962     408662
        05966     133362
        05970     275491
        05974     301016
        05978     393618
        06411     159174
        06412     764104
        06413     130892
        06414     278609
        06431     271015
        06432     297701
        06433     275807
        06434     237281
        06435     421689
        06436     239264
        06437     96754
        06438     356542
        06439     187433
        06440     310353
        06531     271667
        06532     253373
        06533     172291
        06534     245903
        06535     105506
        06611     201048
        06631     223023
        06632     120304
        06633     237007
        06634     179840
        06635     156528
        06636     100046
        07111     113388
        07131     130479
        07132     129087
        07133     158746
        07134     80830
        07135     61578
        07137     214786
        07138     183131
        07140     103401
        07141     122574
        07143     202830
        07211     110674
        07231     112685
        07232     100055
        07233     60491
        07235     150533
        07311     48750
        07312     99662
        07313     46685
        07314     172557
        07315     217123
        07316     53306
        07317     40176
        07318     50741
        07319     83459
        07320     34001
        07331     130715
        07332     133004
        07333     75539
        07334     129006
        07335     106320
        07336     70105
        07337     110783
        07338     154754
        07339     211525
        07340     94912
        08111     630305
        08115     392898
        08116     533617
        08117     258781
        08118     544971
        08119     427286
        08121     126458
        08125     346363
        08126     112765
        08127     197860
        08128     132684
        08135     132812
        08136     314294
        08211     55449
        08212     308436
        08215     446852
        08216     232091
        08221     158741
        08222     309721
        08225     143797
        08226     548233
        08231     126016
        08235     160149
        08236     199752
        08237     118364
        08311     230940
        08315     264867
        08316     166862
        08317     432580
        08325     140166
        08326     212872
        08327     141682
        08335     286876
        08336     228842
        08337     171237
        08415     287497
        08416     228471
        08417     189862
        08421     126405
        08425     198204
        08426     202250
        08435     217901
        08436     285888
        08437     130946
        09161     136952
        09162     1488202
        09163     63591
        09171     111654
        09172     106327
        09173     128212
        09174     155117
        09175     144091
        09176     133169
        09177     138891
        09178     180313
        09179     218740
        09180     88279
        09181     121019
        09182     100183
        09183     116483
        09184     349685
        09185     97730
        09186     129128
        09187     261721
        09188     136610
        09189     177485
        09190     136134
        09261     73065
        09262     52415
        09263     47612
        09271     119479
        09272     78355
        09273     123390
        09274     161191
        09275     193454
        09276     77313
        09277     121800
        09278     101745
        09279     97244
        09361     42052
        09362     152270
        09363     42535
        09371     102998
        09372     128094
        09373     135225
        09374     94645
        09375     194275
        09376     148477
        09377     71696
        09461     76674
        09462     74048
        09463     40842
        09464     45173
        09471     147497
        09472     103679
        09473     86571
        09474     116600
        09475     94522
        09476     66355
        09477     71428
        09478     66722
        09479     71974
        09561     41681
        09562     112385
        09563     128223
        09564     515543
        09565     41056
        09571     185316
        09572     138105
        09573     118695
        09574     171143
        09575     101272
        09576     127168
        09577     95117
        09661     70858
        09662     53319
        09663     126954
        09671     174658
        09672     103169
        09673     79510
        09674     84275
        09675     91696
