function anzahl = testAnzahl()

    anzahl = [ ...  % RKI Wochenberichte
        { '28.01.2020', '09.03.2020', 124716  };  % bis KW10
        { '09.03.2020', '16.03.2020', 127457  };  % in  KW11
        { '16.03.2020', '23.03.2020', 348619  };  % in  KW12
        { '23.03.2020', '30.03.2020', 361515  };  % in  KW13
        { '30.03.2020', '06.04.2020', 408348  };  % in  KW14
        { '06.04.2020', '13.04.2020', 380197  };  % in  KW15
        { '13.04.2020', '20.04.2020', 331902  };  % in  KW16
        { '20.04.2020', '27.04.2020', 363890  };  % in  KW17
        { '27.04.2020', '04.05.2020', 326788  };  % in  KW18
        { '04.05.2020', '11.05.2020', 403875  };  % in  KW19
        { '11.05.2020', '18.05.2020', 432666  };  % in  KW20
        { '18.05.2020', '25.05.2020', 353467  };  % in  KW21
        { '25.05.2020', '01.06.2020', 405269  };  % in  KW22
        { '01.06.2020', '08.06.2020', 340986  };  % in  KW23
        { '08.06.2020', '15.06.2020', 327196  };  % in  KW24
        { '15.06.2020', '22.06.2020', 388187  };  % in  KW25
        { '22.06.2020', '29.06.2020', 467413  };  % in  KW26
        { '29.06.2020', '06.07.2020', 506490  };  % in  KW27
        { '06.07.2020', '13.07.2020', 510551  };  % in  KW28
        { '13.07.2020', '20.07.2020', 538701  };  % in  KW29
        { '20.07.2020', '27.07.2020', 574883  };  % in  KW30
        { '27.07.2020', '03.08.2020', 586620  };  % in  KW31
        { '03.08.2020', '10.08.2020', 736171  };  % in  KW32
        { '10.08.2020', '17.08.2020', 857761  };  % in  KW33
        { '17.08.2020', '24.08.2020', 1092013 };  % in  KW34
        { '24.08.2020', '31.08.2020', 1120883 };  % in  KW35
        { '31.08.2020', '07.09.2020', 1072316 };  % in  KW36
        { '07.09.2020', '14.09.2020', 1164932 };  % in  KW37
        { '14.09.2020', '21.09.2020', 1146565 };  % in  KW38
        { '21.09.2020', '28.09.2020', 1155995 };  % in  KW39
        { '28.09.2020', '05.10.2020', 1101413 };  % in  KW40
        { '05.10.2020', '12.10.2020', 1188338 };  % in  KW41
        { '12.10.2020', '19.10.2020', 1263716 };  % in  KW42
        { '19.10.2020', '26.10.2020', 1418726 };  % in  KW43
        { '26.10.2020', '02.11.2020', 1593278 };  % in  KW44
        { '02.11.2020', '09.11.2020', 1598527 };  % in  KW45
        { '09.11.2020', '16.11.2020', 1396088 };  % in  KW46
        { '16.11.2020', '23.11.2020', 1367570 };  % in  KW47
        { '23.11.2020', '30.11.2020', 1353980 };  % in  KW48
        { '30.11.2020', '07.12.2020', 1395790 };  % in  KW49
        { '07.12.2020', '14.12.2020', 1516038 };  % in  KW50
        { '14.12.2020', '21.12.2020', 1672033 };  % in  KW51
        { '21.12.2020', '28.12.2020', 1091482 };  % in  KW52
        { '28.12.2020', '04.01.2021',  845729 };  % in  KW53
        { '04.01.2021', '11.01.2021', 1231405 };  % in  KW01
        { '11.01.2021', '18.01.2021', 1187564 };  % in  KW02
        { '18.01.2021', '25.01.2021', 1113690 };  % in  KW03
        { '25.01.2021', '01.02.2021', 1151633 };  % in  KW04
        { '01.02.2021', '08.02.2021', 1101499 };  % in  KW05
        { '08.02.2021', '15.02.2021', 1060602 };  % in  KW06
        { '15.02.2021', '22.02.2021', 1103231 };  % in  KW07
        { '22.02.2021', '01.03.2021', 1171798 };  % in  KW08
        { '01.03.2021', '08.03.2021', 1151639 };  % in  KW09
        { '08.03.2021', '15.03.2021', 1278442 };  % in  KW10
        { '15.03.2021', '22.03.2021', 1367247 };  % in  KW11
        { '22.03.2021', '29.03.2021', 1415220 };  % in  KW12
        { '29.03.2021', '05.04.2021', 1178378 };  % in  KW13
        { '05.04.2021', '12.04.2021', 1169510 };  % in  KW14
        { '12.04.2021', '19.04.2021', 1312602 };  % in  KW15
        { '19.04.2021', '26.04.2021', 1427668 };  % in  KW16
        { '26.04.2021', '03.05.2021', 1360960 };  % in  KW17
        { '03.05.2021', '10.05.2021', 1255724 };  % in  KW18
        { '10.05.2021', '17.05.2021', 1102491 };  % in  KW19
        { '17.05.2021', '24.05.2021', 1221100 };  % in  KW20
        { '24.05.2021', '31.05.2021',  951220 };  % in  KW21
        { '31.05.2021', '07.06.2021',  883832 };  % in  KW22
        { '07.06.2021', '14.06.2021',  835367 };  % in  KW23
        { '14.06.2021', '21.06.2021',  730722 };  % in  KW24
        { '21.06.2021', '28.06.2021',  714477 };  % in  KW25
        { '28.06.2021', '05.07.2021',  726832 };  % in  KW26
        { '05.07.2021', '12.07.2021',  612225 };  % in  KW27
        { '12.07.2021', '19.07.2021',  607770 };  % in  KW28
        { '19.07.2021', '26.07.2021',  594342 };  % in  KW29
        { '26.07.2021', '02.08.2021',  583319 };  % in  KW30
        { '02.08.2021', '09.08.2021',  587999 };  % in  KW31
        { '09.08.2021', '16.08.2021',  567948 };  % in  KW32
        { '16.08.2021', '23.08.2021',  690888 };  % in  KW33
        { '23.08.2021', '30.08.2021',  861596 };  % in  KW34
        { '30.08.2021', '06.09.2021',  946737 };  % in  KW35
        { '06.09.2021', '13.09.2021', 1010977 };  % in  KW36
        { '13.09.2021', '20.09.2021',  982150 };  % in  KW37
        { '20.09.2021', '27.09.2021',  963508 };  % in  KW38
        { '27.09.2021', '04.10.2021',  968394 };  % in  KW39
        { '04.10.2021', '11.10.2021',  962234 };  % in  KW40
        { '11.10.2021', '18.10.2021',  862348 };  % in  KW41
        { '18.10.2021', '25.10.2021',  909936 };  % in  KW42
        { '25.10.2021', '01.11.2021', 1166376 };  % in  KW43
        { '01.11.2021', '08.11.2021', 1194338 };  % in  KW44
        { '08.11.2021', '15.11.2021', 1634998 };  % in  KW45
        { '15.11.2021', '22.11.2021', 1868059 };  % in  KW46
        { '22.11.2021', '29.11.2021', 1950937 };  % in  KW47
        { '29.11.2021', '06.12.2021', 1948754 };  % in  KW48
        { '06.12.2021', '13.12.2021', 1728813 };  % in  KW49
        { '13.12.2021', '20.12.2021', 1535126 };  % in  KW50
        { '20.12.2021', '27.12.2021', Inf     };  % in  KW51
        { '27.12.2021', '03.01.2022', Inf     };  % in  KW52
%         { '03.01.2022', '10.01.2022', Inf     };  % in  KW01
	];
end