function anzahl = testAnzahl()

    anzahl = [ ...  % https://www.rki.de/DE/Content/InfAZ/N/Neuartiges_Coronavirus/Situationsberichte/2020-08-19-de.pdf
        { '28.01.2020', '09.03.2020', 124716  };  % bis KW10
        { '09.03.2020', '16.03.2020', 127457  };  % in  KW11
        { '16.03.2020', '23.03.2020', 348619  };  % in  KW12
        { '23.03.2020', '30.03.2020', 361515  };  % in  KW13
        { '30.03.2020', '06.04.2020', 408348  };  % in  KW14
        { '06.04.2020', '13.04.2020', 380197  };  % in  KW15
        { '13.04.2020', '20.04.2020', 331902  };  % in  KW16
        { '20.04.2020', '27.04.2020', 363890  };  % in  KW17
        { '27.04.2020', '04.05.2020', 326788  };  % in  KW18
        { '04.05.2020', '11.05.2020', 403875  };  % in  KW19
        { '11.05.2020', '18.05.2020', 432666  };  % in  KW20
        { '18.05.2020', '25.05.2020', 353467  };  % in  KW21
        { '25.05.2020', '01.06.2020', 405269  };  % in  KW22
        { '01.06.2020', '08.06.2020', 340986  };  % in  KW23
        { '08.06.2020', '15.06.2020', 327196  };  % in  KW24
        { '15.06.2020', '22.06.2020', 388187  };  % in  KW25
        { '22.06.2020', '29.06.2020', 467413  };  % in  KW26
        { '29.06.2020', '06.07.2020', 506490  };  % in  KW27
        { '06.07.2020', '13.07.2020', 510551  };  % in  KW28
        { '13.07.2020', '20.07.2020', 538701  };  % in  KW29
        { '20.07.2020', '27.07.2020', 574883  };  % in  KW30
        { '27.07.2020', '03.08.2020', 586620  };  % in  KW31
        { '03.08.2020', '10.08.2020', 736171  };  % in  KW32
        { '10.08.2020', '17.08.2020', 857761  };  % in  KW33
        { '17.08.2020', '24.08.2020', 1092013 };  % in  KW34
        { '24.08.2020', '31.08.2020', 1120883 };  % in  KW35
        { '31.08.2020', '07.09.2020', 1072316 };  % in  KW36
        { '07.09.2020', '14.09.2020', 1164932 };  % in  KW37
        { '14.09.2020', '21.09.2020', 1146565 };  % in  KW38
        { '21.09.2020', '28.09.2020', 1155995 };  % in  KW39
        { '28.09.2020', '05.10.2020', 1101413 };  % in  KW40
        { '05.10.2020', '12.10.2020', 1188338 };  % in  KW41
        { '12.10.2020', '19.10.2020', 1263716 };  % in  KW42
        { '19.10.2020', '26.10.2020', 1418726 };  % in  KW43
        { '26.10.2020', '02.11.2020', 1593278 };  % in  KW44
        { '02.11.2020', '09.11.2020', 1598527 };  % in  KW45
        { '09.11.2020', '16.11.2020', 1396088 };  % in  KW46
        { '16.11.2020', '23.11.2020', 1367570 };  % in  KW47
        { '23.11.2020', '30.11.2020', 1353980 };  % in  KW48
        { '30.11.2020', '07.12.2020', 1395790 };  % in  KW49
        { '07.12.2020', '14.12.2020', 1516038 };  % in  KW50
        { '14.12.2020', '21.12.2020', 1672033 };  % in  KW51
        { '21.12.2020', '28.12.2020', 1091482 };  % in  KW52
        { '28.12.2020', '04.01.2021',  845729 };  % in  KW53
        { '04.01.2021', '11.01.2021', 1231405 };  % in  KW01
        { '11.01.2021', '18.01.2021', 1187564 };  % in  KW02
        { '18.01.2021', '25.01.2021', 1113690 };  % in  KW03
        { '25.01.2021', '01.02.2021', 1151633 };  % in  KW04
        { '01.02.2021', '08.02.2021', 1101499 };  % in  KW05
        { '08.02.2021', '15.02.2021', 1060602 };  % in  KW06
        { '15.02.2021', '22.02.2021', 1101687 };  % in  KW07
        { '22.02.2021', '01.03.2021', 1170335 };  % in  KW08
        { '01.03.2021', '08.03.2021', 1148449 };  % in  KW09
        { '08.03.2021', '15.03.2021', 1275239 };  % in  KW10
        { '15.03.2021', '22.03.2021', 1352448 };  % in  KW11
	];
end